      1   60  61
    121   64  57
    241   67  56
    361   67   0
    361   72  60
    481   72   0
    481   76  63
    589   76   0
    601   67  50
    721   67   0
    721   72  47
    841   72   0
    841   76  47
    961   76   0
    961   64   0
    961   60   0
    961   60  62
   1081   64  57
   1201   67  56
   1321   72  60
   1321   67   0
   1441   76  62
   1441   72   0
   1549   76   0
   1561   67  50
   1681   72  48
   1681   67   0
   1801   76  48
   1801   72   0
   1921   60  65
   1921   64   0
   1921   60   0
   1921   76   0
   2041   62  60
   2161   69  56
   2281   69   0
   2281   74  60
   2401   77  65
   2401   74   0
   2509   77   0
   2521   69  51
   2641   74  50
   2641   69   0
   2761   74   0
   2761   77  50
   2881   77   0
   2881   60  65
   2881   60   0
   2881   62   0
   3001   62  60
   3121   69  58
   3241   69   0
   3241   74  60
   3361   74   0
   3361   77  65
   3469   77   0
   3481   69  52
   3601   69   0
   3601   74  50
   3721   77  50
   3721   74   0
   3841   60   0
   3841   62   0
   3841   59  65
   3841   77   0
   3961   62  60
   4081   67  56
   4201   67   0
   4201   74  60
   4321   77  65
   4321   74   0
   4429   77   0
   4441   67  51
   4561   67   0
   4561   74  50
   4681   74   0
   4681   77  50
   4801   77   0
   4801   62   0
   4801   59   0
   4801   59  65
   4921   62  60
   5041   67  56
   5161   67   0
   5161   74  60
   5281   74   0
   5281   77  65
   5389   77   0
   5401   67  52
   5521   74  50
   5521   67   0
   5641   74   0
   5641   77  50
   5761   59   0
   5761   60  61
   5761   77   0
   5761   62   0
   5881   64  57
   6001   67  53
   6121   67   0
   6121   72  55
   6241   76  60
   6241   72   0
   6349   76   0
   6361   67  50
   6481   72  47
   6481   67   0
   6601   76  47
   6601   72   0
   6721   60  62
   6721   60   0
   6721   64   0
   6721   76   0
   6841   64  57
   6961   67  55
   7081   67   0
   7081   72  57
   7201   72   0
   7201   76  61
   7309   76   0
   7321   67  50
   7441   67   0
   7441   72  48
   7561   76  48
   7561   72   0
   7681   64   0
   7681   60  67
   7681   60   0
   7681   76   0
   7801   64  62
   7921   69  61
   8041   69   0
   8041   76  66
   8161   81  70
   8161   76   0
   8269   81   0
   8281   69  55
   8401   69   0
   8401   76  51
   8521   81  51
   8521   76   0
   8641   64   0
   8641   60   0
   8641   60  68
   8641   81   0
   8761   64  62
   8881   69  61
   9001   76  65
   9001   69   0
   9121   76   0
   9121   81  68
   9229   81   0
   9241   69  55
   9361   69   0
   9361   76  52
   9481   76   0
   9481   81  52
   9601   64   0
   9601   60  61
   9601   81   0
   9601   60   0
   9721   62  57
   9841   66  56
   9961   66   0
   9961   69  60
  10081   69   0
  10081   74  63
  10189   74   0
  10201   66  50
  10321   66   0
  10321   69  47
  10441   69   0
  10441   74  47
  10561   60  62
  10561   60   0
  10561   62   0
  10561   74   0
  10681   62  57
  10801   66  56
  10921   66   0
  10921   69  60
  11041   74  62
  11041   69   0
  11149   74   0
  11161   66  50
  11281   69  48
  11281   66   0
  11401   69   0
  11401   74  48
  11521   74   0
  11521   62   0
  11521   60   0
  11521   59  65
  11641   62  60
  11761   67  58
  11881   74  63
  11881   67   0
  12001   74   0
  12001   79  66
  12109   79   0
  12121   67  51
  12241   67   0
  12241   74  50
  12361   74   0
  12361   79  50
  12481   59  65
  12481   62   0
  12481   59   0
  12481   79   0
  12601   62  60
  12721   67  58
  12841   67   0
  12841   74  62
  12961   74   0
  12961   79  65
  13069   79   0
  13081   67  52
  13201   74  50
  13201   67   0
  13321   74   0
  13321   79  50
  13441   59  61
  13441   59   0
  13441   62   0
  13441   79   0
  13561   60  57
  13681   64  56
  13801   64   0
  13801   67  60
  13921   67   0
  13921   72  63
  14029   72   0
  14041   64  50
  14161   67  47
  14161   64   0
  14281   72  47
  14281   67   0
  14401   72   0
  14401   59  62
  14401   60   0
  14401   59   0
  14521   60  57
  14641   64  56
  14761   67  60
  14761   64   0
  14881   72  62
  14881   67   0
  14989   72   0
  15001   64  50
  15121   67  48
  15121   64   0
  15241   72  48
  15241   67   0
  15361   72   0
  15361   60   0
  15361   59   0
  15361   57  61
  15481   60  57
  15601   64  56
  15721   67  60
  15721   64   0
  15841   72  63
  15841   67   0
  15949   72   0
  15961   64  50
  16081   64   0
  16081   67  47
  16201   72  47
  16201   67   0
  16321   60   0
  16321   57   0
  16321   57  62
  16321   72   0
  16441   60  57
  16561   64  56
  16681   67  60
  16681   64   0
  16801   72  62
  16801   67   0
  16909   72   0
  16921   64  50
  17041   64   0
  17041   67  48
  17161   72  48
  17161   67   0
  17281   50  61
  17281   57   0
  17281   60   0
  17281   72   0
  17401   57  57
  17521   62  56
  17641   66  60
  17641   62   0
  17761   66   0
  17761   72  63
  17869   72   0
  17881   62  50
  18001   62   0
  18001   66  47
  18121   66   0
  18121   72  47
  18241   50  62
  18241   50   0
  18241   57   0
  18241   72   0
  18361   57  57
  18481   62  56
  18601   66  60
  18601   62   0
  18721   72  62
  18721   66   0
  18829   72   0
  18841   62  50
  18961   62   0
  18961   66  48
  19081   72  48
  19081   66   0
  19201   72   0
  19201   55  57
  19201   50   0
  19201   57   0
  19321   59  55
  19441   62  53
  19561   67  56
  19561   62   0
  19681   71  60
  19681   67   0
  19789   71   0
  19801   62  46
  19921   67  45
  19921   62   0
  20041   71  45
  20041   67   0
  20161   71   0
  20161   59   0
  20161   55   0
  20161   55  58
  20281   59  55
  20401   62  53
  20521   67  56
  20521   62   0
  20641   71  58
  20641   67   0
  20749   71   0
  20761   62  47
  20881   62   0
  20881   67  45
  21001   71  45
  21001   67   0
  21121   59   0
  21121   55  57
  21121   55   0
  21121   71   0
  21241   58  55
  21361   64  53
  21481   64   0
  21481   67  56
  21601   67   0
  21601   73  60
  21709   73   0
  21721   64  46
  21841   64   0
  21841   67  45
  21961   67   0
  21961   73  45
  22081   55   0
  22081   58   0
  22081   73   0
  22081   55  58
  22201   58  55
  22321   64  53
  22441   64   0
  22441   67  56
  22561   67   0
  22561   73  58
  22669   73   0
  22681   64  47
  22801   67  45
  22801   64   0
  22921   73  45
  22921   67   0
  23041   55   0
  23041   73   0
  23041   58   0
  23041   53  61
  23161   57  57
  23281   62  56
  23401   62   0
  23401   69  60
  23521   69   0
  23521   74  63
  23629   74   0
  23641   62  50
  23761   62   0
  23761   69  47
  23881   69   0
  23881   74  47
  24001   57   0
  24001   53   0
  24001   74   0
  24001   53  62
  24121   57  57
  24241   62  56
  24361   69  60
  24361   62   0
  24481   74  62
  24481   69   0
  24589   74   0
  24601   62  50
  24721   62   0
  24721   69  48
  24841   69   0
  24841   74  48
  24961   53  57
  24961   53   0
  24961   57   0
  24961   74   0
  25081   56  55
  25201   62  53
  25321   65  56
  25321   62   0
  25441   71  60
  25441   65   0
  25549   71   0
  25561   62  46
  25681   65  45
  25681   62   0
  25801   65   0
  25801   71  45
  25921   71   0
  25921   56   0
  25921   53   0
  25921   53  58
  26041   56  55
  26161   62  53
  26281   65  56
  26281   62   0
  26401   71  58
  26401   65   0
  26509   71   0
  26521   62  47
  26641   62   0
  26641   65  45
  26761   71  45
  26761   65   0
  26881   56   0
  26881   52  57
  26881   71   0
  26881   53   0
  27001   55  55
  27121   60  53
  27241   67  56
  27241   60   0
  27361   72  60
  27361   67   0
  27469   72   0
  27481   60  46
  27601   67  45
  27601   60   0
  27721   72  45
  27721   67   0
  27841   72   0
  27841   55   0
  27841   52  58
  27841   52   0
  27961   55  55
  28081   60  53
  28201   60   0
  28201   67  56
  28321   67   0
  28321   72  58
  28429   72   0
  28441   60  47
  28561   67  45
  28561   60   0
  28681   72  45
  28681   67   0
  28801   72   0
  28801   52   0
  28801   52  55
  28801   55   0
  28921   53  51
  29041   57  50
  29161   57   0
  29161   60  53
  29281   60   0
  29281   65  56
  29389   65   0
  29401   57  45
  29521   57   0
  29521   60  42
  29641   60   0
  29641   65  42
  29761   53   0
  29761   52   0
  29761   52  55
  29761   65   0
  29881   53  51
  30001   57  50
  30121   60  53
  30121   57   0
  30241   65  55
  30241   60   0
  30349   65   0
  30361   57  45
  30481   60  43
  30481   57   0
  30601   65  43
  30601   60   0
  30721   65   0
  30721   52   0
  30721   50  55
  30721   53   0
  30841   53  51
  30961   57  50
  31081   60  53
  31081   57   0
  31201   60   0
  31201   65  56
  31309   65   0
  31321   57  45
  31441   60  42
  31441   57   0
  31561   60   0
  31561   65  42
  31681   50  55
  31681   65   0
  31681   53   0
  31681   50   0
  31801   53  51
  31921   57  50
  32041   57   0
  32041   60  53
  32161   60   0
  32161   65  55
  32269   65   0
  32281   57  45
  32401   57   0
  32401   60  43
  32521   60   0
  32521   65  43
  32641   43  55
  32641   53   0
  32641   65   0
  32641   50   0
  32761   50  51
  32881   55  50
  33001   55   0
  33001   59  53
  33121   59   0
  33121   65  56
  33229   65   0
  33241   55  45
  33361   59  42
  33361   55   0
  33481   65  42
  33481   59   0
  33601   50   0
  33601   43   0
  33601   43  55
  33601   65   0
  33721   50  51
  33841   55  50
  33961   55   0
  33961   59  53
  34081   59   0
  34081   65  55
  34189   65   0
  34201   55  45
  34321   59  43
  34321   55   0
  34441   59   0
  34441   65  43
  34561   43   0
  34561   48  55
  34561   50   0
  34561   65   0
  34681   52  51
  34801   55  50
  34921   55   0
  34921   60  53
  35041   60   0
  35041   64  56
  35149   64   0
  35161   55  45
  35281   55   0
  35281   60  42
  35401   64  42
  35401   60   0
  35521   64   0
  35521   48  55
  35521   48   0
  35521   52   0
  35641   52  51
  35761   55  50
  35881   60  53
  35881   55   0
  36001   64  55
  36001   60   0
  36109   64   0
  36121   55  45
  36241   60  43
  36241   55   0
  36361   64  43
  36361   60   0
  36481   48  51
  36481   48   0
  36481   52   0
  36481   64   0
  36601   55  48
  36721   58  47
  36841   60  50
  36841   58   0
  36961   60   0
  36961   64  53
  37069   64   0
  37081   58  41
  37201   60  40
  37201   58   0
  37321   60   0
  37321   64  40
  37441   48  52
  37441   48   0
  37441   55   0
  37441   64   0
  37561   55  48
  37681   58  47
  37801   58   0
  37801   60  50
  37921   64  52
  37921   60   0
  38029   64   0
  38041   58  42
  38161   58   0
  38161   60  40
  38281   64  40
  38281   60   0
  38401   41  51
  38401   64   0
  38401   55   0
  38401   48   0
  38521   53  48
  38641   57  47
  38761   60  50
  38761   57   0
  38881   60   0
  38881   64  53
  38989   64   0
  39001   57  41
  39121   57   0
  39121   60  40
  39241   60   0
  39241   64  40
  39361   53   0
  39361   64   0
  39361   41   0
  39361   41  52
  39481   53  48
  39601   57  47
  39721   60  50
  39721   57   0
  39841   64  52
  39841   60   0
  39949   64   0
  39961   57  42
  40081   60  40
  40081   57   0
  40201   60   0
  40201   64  40
  40321   64   0
  40321   53   0
  40321   42  55
  40321   41   0
  40441   48  51
  40561   57  50
  40681   60  53
  40681   57   0
  40801   60   0
  40801   63  56
  40909   63   0
  40921   57  45
  41041   60  42
  41041   57   0
  41161   60   0
  41161   63  42
  41281   42  55
  41281   42   0
  41281   48   0
  41281   63   0
  41401   48  51
  41521   57  50
  41641   57   0
  41641   60  53
  41761   60   0
  41761   63  55
  41869   63   0
  41881   57  45
  42001   57   0
  42001   60  43
  42121   63  43
  42121   60   0
  42241   42   0
  42241   44  51
  42241   63   0
  42241   48   0
  42361   53  48
  42481   59  47
  42601   59   0
  42601   60  50
  42721   60   0
  42721   62  53
  42829   62   0
  42841   59  41
  42961   59   0
  42961   60  40
  43081   60   0
  43081   62  40
  43201   62   0
  43201   53   0
  43201   44   0
  43201   44  52
  43321   53  48
  43441   59  47
  43561   60  50
  43561   59   0
  43681   62  52
  43681   60   0
  43789   62   0
  43801   59  42
  43921   59   0
  43921   60  40
  44041   62  40
  44041   60   0
  44161   44   0
  44161   43  55
  44161   53   0
  44161   62   0
  44281   53  51
  44401   55  50
  44521   59  53
  44521   55   0
  44641   59   0
  44641   62  56
  44749   62   0
  44761   55  45
  44881   55   0
  44881   59  42
  45001   59   0
  45001   62  42
  45121   43   0
  45121   43  55
  45121   53   0
  45121   62   0
  45241   53  51
  45361   55  50
  45481   59  53
  45481   55   0
  45601   59   0
  45601   62  55
  45709   62   0
  45721   55  45
  45841   55   0
  45841   59  43
  45961   59   0
  45961   62  43
  46081   53   0
  46081   62   0
  46081   43  55
  46081   43   0
  46201   52  51
  46321   55  50
  46441   55   0
  46441   60  53
  46561   60   0
  46561   64  56
  46669   64   0
  46681   55  45
  46801   60  42
  46801   55   0
  46921   64  42
  46921   60   0
  47041   64   0
  47041   43   0
  47041   52   0
  47041   43  55
  47161   52  51
  47281   55  50
  47401   60  53
  47401   55   0
  47521   64  55
  47521   60   0
  47629   64   0
  47641   55  45
  47761   55   0
  47761   60  43
  47881   64  43
  47881   60   0
  48001   52   0
  48001   43   0
  48001   43  57
  48001   64   0
  48121   50  55
  48241   55  53
  48361   55   0
  48361   60  56
  48481   60   0
  48481   65  60
  48589   65   0
  48601   55  46
  48721   55   0
  48721   60  45
  48841   60   0
  48841   65  45
  48961   65   0
  48961   43  58
  48961   50   0
  48961   43   0
  49081   50  55
  49201   55  53
  49321   60  56
  49321   55   0
  49441   60   0
  49441   65  58
  49549   65   0
  49561   55  47
  49681   55   0
  49681   60  45
  49801   60   0
  49801   65  45
  49921   65   0
  49921   43  57
  49921   43   0
  49921   50   0
  50041   50  55
  50161   55  53
  50281   55   0
  50281   59  56
  50401   65  60
  50401   59   0
  50509   65   0
  50521   55  46
  50641   55   0
  50641   59  45
  50761   59   0
  50761   65  45
  50881   65   0
  50881   43   0
  50881   50   0
  50881   43  58
  51001   50  55
  51121   55  53
  51241   59  56
  51241   55   0
  51361   59   0
  51361   65  58
  51469   65   0
  51481   55  47
  51601   55   0
  51601   59  45
  51721   59   0
  51721   65  45
  51841   65   0
  51841   50   0
  51841   43   0
  51841   43  61
  51961   51  57
  52081   57  56
  52201   57   0
  52201   60  60
  52321   60   0
  52321   66  63
  52429   66   0
  52441   57  50
  52561   60  47
  52561   57   0
  52681   66  47
  52681   60   0
  52801   66   0
  52801   43   0
  52801   51   0
  52801   43  62
  52921   51  57
  53041   57  56
  53161   57   0
  53161   60  60
  53281   60   0
  53281   66  62
  53389   66   0
  53401   57  50
  53521   57   0
  53521   60  48
  53641   60   0
  53641   66  48
  53761   66   0
  53761   43   0
  53761   43  65
  53761   51   0
  53881   52  60
  54001   55  58
  54121   60  63
  54121   55   0
  54241   67  66
  54241   60   0
  54349   67   0
  54361   55  51
  54481   60  50
  54481   55   0
  54601   67  50
  54601   60   0
  54721   52   0
  54721   67   0
  54721   43   0
  54721   43  65
  54841   52  60
  54961   55  58
  55081   55   0
  55081   60  62
  55201   67  65
  55201   60   0
  55309   67   0
  55321   55  52
  55441   60  50
  55441   55   0
  55561   67  50
  55561   60   0
  55681   67   0
  55681   43   0
  55681   52   0
  55681   43  55
  55801   50  51
  55921   55  50
  56041   60  53
  56041   55   0
  56161   65  56
  56161   60   0
  56269   65   0
  56281   55  45
  56401   60  42
  56401   55   0
  56521   60   0
  56521   65  42
  56641   50   0
  56641   65   0
  56641   43  55
  56641   43   0
  56761   50  51
  56881   55  50
  57001   55   0
  57001   60  53
  57121   65  55
  57121   60   0
  57229   65   0
  57241   55  45
  57361   55   0
  57361   60  43
  57481   60   0
  57481   65  43
  57601   65   0
  57601   50   0
  57601   43  55
  57601   43   0
  57721   50  51
  57841   55  50
  57961   59  53
  57961   55   0
  58081   65  56
  58081   59   0
  58189   65   0
  58201   55  45
  58321   55   0
  58321   59  42
  58441   59   0
  58441   65  42
  58561   43  55
  58561   43   0
  58561   50   0
  58561   65   0
  58681   50  51
  58801   55  50
  58921   55   0
  58921   59  53
  59041   59   0
  59041   65  55
  59149   65   0
  59161   55  45
  59281   55   0
  59281   59  43
  59401   59   0
  59401   65  43
  59521   65   0
  59521   36  57
  59521   50   0
  59521   43   0
  59641   48  55
  59761   55  53
  59881   58  56
  59881   55   0
  60001   64  60
  60001   58   0
  60109   64   0
  60121   55  46
  60241   58  45
  60241   55   0
  60361   64  45
  60361   58   0
  60481   36  58
  60481   36   0
  60481   64   0
  60481   48   0
  60601   48  55
  60721   55  53
  60841   55   0
  60841   58  56
  60961   58   0
  60961   64  58
  61069   64   0
  61081   55  47
  61201   58  45
  61201   55   0
  61321   58   0
  61321   64  45
  61441   36   0
  61441   48   0
  61441   36  55
  61441   64   0
  61560   48  51
  61680   53  50
  61800   53   0
  61800   57  53
  61920   57   0
  61920   60  55
  62040   60   0
  62040   65  53
  62160   60  53
  62160   65   0
  62280   57  53
  62280   60   0
  62400   60  55
  62400   57   0
  62520   57  50
  62520   60   0
  62640   53  47
  62640   57   0
  62760   57  46
  62760   53   0
  62880   57   0
  62880   53  46
  63000   50  42
  63000   53   0
  63120   50   0
  63120   53  43
  63240   53   0
  63240   50  38
  63360   50   0
  63360   48   0
  63361   36   0
  63361   36  55
  63480   50  51
  63600   67  50
  63720   67   0
  63720   71  53
  63840   71   0
  63840   74  55
  63960   74   0
  63960   77  60
  64080   77   0
  64080   74  55
  64200   74   0
  64200   71  53
  64320   74  56
  64320   71   0
  64440   71  53
  64440   74   0
  64560   67  56
  64560   71   0
  64680   67   0
  64680   71  53
  64800   71   0
  64800   62  55
  64920   65  50
  64920   62   0
  65040   64  50
  65040   65   0
  65160   62  50
  65160   64   0
  65280   50   0
  65280   62   0
  65281   36   0
  65281   64  50
  65281   48  53
  65281   67  50
  65281   72  50
  65281   36  53
  66721   48   0
  66721   36   0
  66721   67   0
  66721   64   0
  66721   72   0
  67440   60  53
  67680   62  54
  67680   60   0
  67920   62   0
  67920   64  56
  68160   64   0
  68160   65  60
  68520   65   0
  68520   67  58
  68580   67   0
  68580   65  58
  68640   64  60
  68640   65   0
  68860   64   0
  68880   69  60
  69120   69   0
  69120   62  56
  69340   62   0
  69360   67  60
  69720   67   0
  69720   69  59
  69840   69   0
  69840   67  59
  69960   65  59
  69960   67   0
  70080   65   0
  70080   64  58
  70200   64   0
  70200   65  58
  70320   67  53
  70320   65   0
  70320   64  58
  70440   64   0
  70440   62  57
  70560   60  57
  70560   67   0
  70560   69  54
  70560   62   0
  70680   60   0
  70680   62  56
  70800   62   0
  70800   60  56
  70800   69   0
  70800   71  55
  70920   59  56
  70920   60   0
  71040   57  56
  71040   59   0
  71040   72  60
  71040   71   0
  71280   66  56
  71280   57   0
  71400   74  57
  71400   72   0
  71460   74   0
  71460   72  57
  71520   67  60
  71520   66   0
  71520   72   0
  71520   71  57
  71740   71   0
  71760   76  60
  72000   69  56
  72000   76   0
  72220   69   0
  72240   74  60
  72240   66  57
  72240   67   0
  72360   66   0
  72360   64  57
  72480   64   0
  72480   66  57
  72600   76  57
  72600   74   0
  72700   66   0
  72720   74  57
  72720   62  57
  72720   76   0
  72840   74   0
  72840   72  56
  72960   67  59
  72960   62   0
  72960   72   0
  72960   71  55
  73050   71   0
  73080   67  55
  73200   69  56
  73200   55  50
  73200   67   0
  73200   67   0
  73200   65  58
  73320   71  57
  73320   69   0
  73440   55   0
  73440   57  52
  73440   65   0
  73440   64  57
  73440   72  57
  73440   71   0
  73560   71  53
  73560   72   0
  73680   64   0
  73680   62  56
  73680   71   0
  73680   57   0
  73680   59  55
  73680   72  54
  73800   72   0
  73800   74  55
  73920   60  60
  73920   62   0
  73920   60  55
  73920   59   0
  73920   74   0
  73920   76  56
  74040   74  57
  74040   76   0
  74160   76  58
  74160   74   0
  74160   60   0
  74280   78  59
  74280   76   0
  74280   62  57
  74280   60   0
  74340   60  57
  74340   62   0
  74400   79  60
  74400   59  57
  74400   60   0
  74400   78   0
  74620   59   0
  74640   64  60
  74640   79   0
  74640   71  56
  74640   67  60
  74880   71   0
  74880   72  60
  74880   57  56
  74880   64   0
  75100   57   0
  75100   72   0
  75120   69  55
  75120   62  60
  75120   67   0
  75120   65  58
  75240   64  58
  75240   65   0
  75360   74  58
  75360   65  58
  75360   64   0
  75360   69   0
  75480   74   0
  75480   62   0
  75480   64  58
  75480   72  57
  75600   72   0
  75600   71  56
  75600   62  57
  75600   64   0
  75720   60  56
  75720   62   0
  75720   71   0
  75720   69  55
  75840   60   0
  75840   69   0
  75840   59  55
  75840   67  54
  75960   65  57
  75960   65   0
  76060   59   0
  76080   48  51
  76080   60  60
  76080   65   0
  76080   64  57
  76200   67  56
  76200   67   0
  76320   64   0
  76320   48   0
  76320   65  55
  76320   62  57
  76320   50  53
  76320   67   0
  76440   65   0
  76440   64  55
  76560   64   0
  76560   65  55
  76560   52  56
  76560   50   0
  76560   58  58
  76560   60   0
  76680   65   0
  76680   67  55
  76800   62   0
  76800   53  60
  76800   52   0
  76800   67   0
  76800   69  55
  76800   60  56
  76800   58   0
  76800   57  56
  76920   69   0
  76920   67  56
  77020   57   0
  77040   67   0
  77040   65  60
  77040   69  55
  77040   62  60
  77040   60   0
  77160   53   0
  77160   55  57
  77160   69   0
  77160   71  57
  77220   55   0
  77220   53  57
  77280   71   0
  77280   72  59
  77280   62   0
  77280   55  56
  77280   65   0
  77280   53   0
  77280   52  57
  77400   67  57
  77500   55   0
  77500   52   0
  77520   60  60
  77520   67   0
  77520   65  57
  77520   57  60
  77640   64  57
  77640   65   0
  77760   57   0
  77760   50  55
  77760   65  57
  77760   60   0
  77760   64   0
  77880   57  55
  77980   50   0
  77980   65   0
  78000   59  56
  78000   57   0
  78000   62  56
  78000   55  60
  78120   59   0
  78120   60  58
  78240   62  59
  78240   67  62
  78240   62   0
  78240   72   0
  78240   71  57
  78240   60   0
  78360   57  59
  78360   55   0
  78480   57   0
  78480   55  58
  78600   55   0
  78600   53  57
  78720   62   0
  78720   55  60
  78720   71   0
  78720   52  56
  78720   53   0
  78810   52   0
  78840   53  57
  78960   53   0
  78960   72  60
  78960   52  56
  79080   52   0
  79080   50  55
  79200   55   0
  79200   50   0
  79200   48  54
  79200   72   0
  79200   74  63
  79200   67   0
  79290   48   0
  79320   50  57
  79440   48  56
  79440   50   0
  79440   55  53
  79440   74   0
  79440   76  64
  79560   47  55
  79560   48   0
  79680   47   0
  79680   77  69
  79680   45  54
  79680   57  54
  79680   55   0
  79680   76   0
  79900   45   0
  79920   57   0
  79920   59  55
  79920   50  57
  80040   77   0
  80040   79  66
  80100   79   0
  80100   77  66
  80160   76  66
  80160   50   0
  80160   57  60
  80160   77   0
  80160   60  60
  80160   59   0
  80380   76   0
  80400   57   0
  80400   54  57
  80400   81  69
  80520   60   0
  80520   62  58
  80580   60  58
  80580   62   0
  80640   81   0
  80640   55  58
  80640   54   0
  80640   59  58
  80640   60   0
  80640   74  64
  80760   57  58
  80760   55   0
  80860   74   0
  80860   59   0
  80880   79  69
  80880   64  60
  80880   58  60
  80880   57   0
  81000   55  58
  81000   58   0
  81120   49  56
  81120   55   0
  81120   57  56
  81120   64   0
  81240   79   0
  81240   81  67
  81340   57   0
  81360   79  66
  81360   81   0
  81360   50  57
  81360   62  60
  81360   49   0
  81480   77  64
  81480   79   0
  81600   77   0
  81600   76  63
  81720   64  57
  81720   62   0
  81820   76   0
  81840   81  70
  81840   62  56
  81840   64   0
  81960   60  56
  81960   62   0
  82080   60   0
  82080   59  55
  82200   83  68
  82200   81   0
  82320   81  67
  82320   83   0
  82320   64  60
  82320   59   0
  82440   81   0
  82440   79  66
  82560   79   0
  82560   77  65
  82800   67  51
  83040   62  60
  83040   69  53
  83040   64   0
  83040   67   0
  83280   69   0
  83280   71  56
  83520   76  60
  83520   77   0
  83520   72  60
  83520   71   0
  83520   62   0
  83640   59  58
  83760   59   0
  83760   60  60
  83880   60   0
  83880   57  57
  83880   74  57
  83880   72   0
  83880   78  57
  83880   76   0
  83940   74   0
  83940   72  57
  83970   57   0
  84000   64  58
  84000   72   0
  84000   71  57
  84000   79  63
  84000   78   0
  84120   64   0
  84120   62  58
  84220   71   0
  84240   62   0
  84240   76  60
  84240   60  57
  84360   60   0
  84360   59  57
  84480   69  56
  84480   59   0
  84480   76   0
  84480   60  60
  84570   60   0
  84600   57  54
  84700   69   0
  84720   59  56
  84720   57   0
  84720   74  60
  84840   59   0
  84840   60  58
  84960   60   0
  84960   78  63
  84960   79   0
  84960   62  60
  85080   76  57
  85080   74   0
  85080   62   0
  85080   60  59
  85200   74  56
  85200   76   0
  85200   60   0
  85200   59  58
  85320   57  57
  85320   59   0
  85320   72  55
  85320   74   0
  85440   57   0
  85440   79  60
  85440   78   0
  85440   55  56
  85440   71  54
  85440   72   0
  85560   79   0
  85560   77  59
  85680   76  58
  85680   71   0
  85680   77   0
  85800   74  57
  85800   76   0
  85920   72  56
  85920   74   0
  85920   55   0
  86040   72   0
  86040   74  57
  86160   72  57
  86160   74   0
  86160   62  51
  86280   71  57
  86280   72   0
  86400   62   0
  86400   64  52
  86400   69  57
  86400   71   0
  86520   72  58
  86520   69   0
  86640   64   0
  86640   66  54
  86640   72   0
  86640   71  58
  86760   71   0
  86760   69  57
  86880   67  60
  86880   66   0
  86880   69   0
  87240   67   0
  87240   69  58
  87300   69   0
  87300   67  58
  87360   67   0
  87360   66  58
  87480   72  58
  87580   66   0
  87600   71  60
  87600   72   0
  87720   69  55
  87840   69   0
  87840   68  54
  87840   71   0
  87840   64  57
  88020   68   0
  88060   64   0
  88080   76  60
  88080   69  60
  88320   76   0
  88320   74  58
  88440   69   0
  88440   71  58
  88560   69  58
  88560   71   0
  88560   74   0
  88560   72  56
  88560   52  52
  88680   67  58
  88680   69   0
  88680   71  56
  88680   72   0
  88800   69  54
  88800   71   0
  88800   67   0
  88800   66  58
  88800   54  54
  88800   52   0
  88920   69   0
  88920   68  54
  89040   68   0
  89040   66   0
  89040   65  57
  89040   69  54
  89040   56  56
  89040   54   0
  89160   69   0
  89160   71  53
  89280   72  56
  89280   71   0
  89280   64  55
  89280   56   0
  89280   57  60
  89280   65   0
  89370   72   0
  89400   66  54
  89520   69  54
  89520   66   0
  89520   62  54
  89520   64   0
  89640   57   0
  89640   69   0
  89640   68  55
  89640   59  57
  89700   59   0
  89700   57  57
  89760   57   0
  89760   56  57
  89760   68   0
  89760   71  58
  89880   62   0
  89880   64  54
  89980   56   0
  90000   60  60
  90000   64   0
  90000   66  55
  90000   71   0
  90000   69  56
  90120   69   0
  90120   71  56
  90120   66   0
  90120   68  55
  90240   71   0
  90240   72  58
  90240   60   0
  90240   54  56
  90240   68   0
  90240   69  57
  90360   68  56
  90360   69   0
  90460   54   0
  90460   72   0
  90480   59  60
  90480   77  64
  90480   68   0
  90480   69  56
  90600   69   0
  90600   71  56
  90720   71   0
  90720   76  62
  90720   77   0
  90720   68  58
  90840   68   0
  90840   66  55
  90840   60  60
  90840   59   0
  90960   60   0
  90960   59  59
  90960   68  55
  90960   66   0
  90960   74  60
  90960   76   0
  91080   59   0
  91080   69  55
  91080   57  57
  91080   68   0
  91200   56  56
  91200   57   0
  91200   71  59
  91200   69   0
  91420   56   0
  91440   74   0
  91440   72  58
  91440   71   0
  91440   57  59
  91560   72   0
  91560   71  58
  91680   71   0
  91680   71  60
  91725   72  55
  91725   71   0
  91770   72   0
  91770   71  60
  91920   57   0
  91920   56  57
  92040   69  57
  92040   71   0
  92160   56   0
  92160   69  60
  92160   69   0
  92160   57  60
  92400   60  53
  92640   69   0
  92640   60   0
  92640   62  54
  92640   57   0
  92880   62   0
  92880   64  55
  92880   55  52
  93120   64   0
  93120   65  60
  93120   57  54
  93120   55   0
  93360   59  56
  93360   57   0
  93480   67  58
  93480   65   0
  93540   67   0
  93540   65  58
  93600   60  60
  93600   59   0
  93600   64  58
  93600   65   0
  93820   64   0
  93840   69  60
  93960   62  57
  93960   60   0
  94020   60  57
  94020   62   0
  94080   60   0
  94080   62  56
  94080   69   0
  94080   59  57
  94300   59   0
  94300   62   0
  94320   67  60
  94320   64  60
  94560   57  55
  94560   64   0
  94680   67   0
  94680   69  57
  94780   57   0
  94800   62  60
  94800   69   0
  94800   67  57
  94920   65  57
  94920   67   0
  95040   65   0
  95040   64  57
  95260   64   0
  95280   64  56
  95280   55  57
  95280   62   0
  95280   67  53
  95520   62  60
  95520   55   0
  95520   69  54
  95520   67   0
  95520   66  56
  95520   64   0
  95760   69   0
  95760   67  60
  95760   66   0
  95760   71  55
  96000   71   0
  96000   62   0
  96000   60  57
  96000   72  60
  96180   67   0
  96220   60   0
  96240   57  57
  96240   66  58
  96360   74  57
  96360   72   0
  96420   72  57
  96420   74   0
  96480   57   0
  96480   72   0
  96480   64  60
  96480   68  58
  96480   66   0
  96480   71  57
  96700   71   0
  96720   69  61
  96720   72  53
  96720   68   0
  96960   64   0
  96960   74  56
  96960   72   0
  96960   62  57
  97200   74   0
  97200   67  57
  97200   69   0
  97200   62   0
  97200   76  59
  97440   69  57
  97440   67   0
  97440   76   0
  97440   77  64
  97680   71  57
  97680   69   0
  97800   77   0
  97800   79  60
  97860   79   0
  97860   77  60
  97920   76  60
  97920   72  60
  97920   77   0
  97920   71   0
  98140   76   0
  98160   57  51
  98160   81  68
  98280   72   0
  98280   74  58
  98340   72  58
  98340   74   0
  98400   72   0
  98400   59  53
  98400   71  58
  98400   57   0
  98400   81   0
  98400   74  60
  98620   71   0
  98620   74   0
  98640   76  60
  98640   61  55
  98640   59   0
  98640   79  66
  98880   62  60
  98880   61   0
  98880   76   0
  98880   69  58
  99000   81  66
  99000   79   0
  99100   69   0
  99120   79  64
  99120   74  60
  99120   81   0
  99240   62   0
  99240   64  58
  99240   79   0
  99240   77  63
  99300   64   0
  99300   62  58
  99360   62   0
  99360   60  58
  99360   77   0
  99360   76  61
  99480   76  57
  99480   74   0
  99580   76   0
  99580   60   0
  99600   74  56
  99600   76   0
  99600   81  67
  99600   65  60
  99720   74   0
  99720   72  55
  99840   81   0
  99840   59  54
  99840   74  60
  99840   72   0
  99840   71  54
  99840   65   0
 100060   59   0
 100060   71   0
 100060   74   0
 100080   79  65
 100080   64  60
 100080   82  67
 100320   73  58
 100320   79   0
 100320   82   0
 100320   81  67
 100440   65  61
 100440   64   0
 100560   79  64
 100560   65   0
 100560   64  59
 100560   74  58
 100560   73   0
 100560   81   0
 100680   62  58
 100680   64   0
 100680   77  61
 100680   79   0
 100800   77   0
 100800   76  60
 100800   61  56
 100800   79  64
 100800   74   0
 100800   62   0
 100920   79   0
 100920   77  61
 101020   76   0
 101040   77   0
 101040   73  56
 101040   61   0
 101040   79  64
 101160   79   0
 101160   76  60
 101280   73   0
 101280   76   0
 101280   77  64
 101280   74  56
 101400   77   0
 101400   79  60
 101520   79  64
 101520   74   0
 101520   76  56
 101520   79   0
 101550   79   0
 101550   81  55
 101580   81   0
 101580   79  55
 101610   79   0
 101640   77  60
 101700   77   0
 101700   79  60
 101760   69  58
 101760   79   0
 101760   81  67
 101760   76   0
 101850   81   0
 101880   73  60
 102000   73   0
 102000   57  53
 102000   69   0
 102000   74  60
 102120   74   0
 102120   79  60
 102240   76  64
 102240   79   0
 102240   57   0
 102240   59  54
 102285   76   0
 102285   77  55
 102330   77   0
 102330   76  60
 102480   61  55
 102480   64  52
 102480   59   0
 102600   76   0
 102600   74  60
 102720   74   0
 102720   74  61
 102720   61   0
 102720   62  60
 102720   64   0
 102720   66  53
 102960   67  55
 102960   66   0
 102960   74   0
 103080   64  57
 103080   62   0
 103140   64   0
 103140   62  57
 103200   69  60
 103200   67   0
 103200   62   0
 103200   60  57
 103420   60   0
 103440   66  60
 103560   69   0
 103560   71  58
 103620   71   0
 103620   69  58
 103680   66   0
 103680   59  54
 103680   69   0
 103680   67  58
 103900   67   0
 103900   59   0
 103920   72  60
 103920   64  60
 104160   66  55
 104160   72   0
 104278   66   0
 104280   66  63
 104280   64   0
 104400   66   0
 104400   71  60
 104400   64  63
 104520   62  62
 104520   64   0
 104640   62   0
 104640   60  60
 104760   71   0
 104760   72  57
 104880   72   0
 104880   71  57
 105000   69  56
 105000   71   0
 105120   69   0
 105120   67  56
 105240   67   0
 105240   66  55
 105360   64  54
 105360   66   0
 105360   67  51
 105480   62  54
 105480   64   0
 105600   64  57
 105600   62   0
 105600   69  53
 105600   67   0
 105720   60   0
 105720   62  60
 105840   62   0
 105840   60  59
 105840   69   0
 105840   71  55
 105960   60   0
 105960   59  58
 106080   59   0
 106080   57  57
 106080   72  60
 106080   71   0
 106080   64   0
 106080   62  58
 106200   57   0
 106200   55  56
 106320   57  58
 106320   55   0
 106410   57   0
 106440   74  58
 106440   72   0
 106440   54  54
 106500   72  58
 106500   74   0
 106560   72   0
 106560   71  58
 106560   55  54
 106560   54   0
 106680   62   0
 106680   69  57
 106780   55   0
 106780   71   0
 106800   67  57
 106800   69   0
 106800   59  57
 106800   76  60
 106920   67   0
 106920   65  56
 107040   60  60
 107040   65   0
 107040   64  56
 107040   59   0
 107040   76   0
 107040   69  57
 107160   64   0
 107160   67  60
 107260   69   0
 107280   74  60
 107280   65  56
 107280   67   0
 107280   60   0
 107280   62  63
 107400   69  56
 107400   65   0
 107520   62   0
 107520   64  66
 107520   69   0
 107520   67  58
 107640   74   0
 107640   76  60
 107760   76   0
 107760   74  57
 107880   64   0
 107880   65  60
 107880   74   0
 107880   72  56
 107940   65   0
 107940   64  60
 108000   72   0
 108000   64   0
 108000   62  60
 108000   71  55
 108120   71   0
 108120   72  55
 108120   67   0
 108120   69  56
 108220   62   0
 108240   69   0
 108240   67  65
 108240   70  56
 108240   72   0
 108240   74  57
 108360   76  59
 108360   74   0
 108480   77  61
 108480   72  54
 108480   76   0
 108480   67   0
 108480   60  58
 108480   70   0
 108600   77   0
 108600   79  61
 108700   60   0
 108720   81  61
 108720   65  66
 108720   79   0
 108840   79  60
 108840   81   0
 108960   72   0
 108960   77  60
 108960   79   0
 108960   74  60
 109080   67  62
 109080   77   0
 109080   76  59
 109080   65   0
 109180   74   0
 109200   65  60
 109200   76   0
 109200   74  59
 109200   67   0
 109200   67  57
 109320   64  58
 109320   65   0
 109320   74   0
 109320   72  58
 109440   62  57
 109440   71  58
 109440   72   0
 109440   67   0
 109440   64   0
 109440   67  60
 109920   71   0
 109920   62   0
 109920   72  57
 109920   64  60
 110160   62  60
 110160   64   0
 110160   74  57
 110160   72   0
 110160   67   0
 110160   65  57
 110400   67  58
 110400   74   0
 110620   67   0
 110640   72  60
 110640   64  57
 110640   65   0
 110640   62   0
 110640   55  58
 110880   62  57
 110880   64   0
 110880   55   0
 110880   55  61
 111120   72   0
 111120   71  57
 111360   72  60
 111360   64  56
 111360   62   0
 111360   71   0
 111580   64   0
 111580   55   0
 111600   69  68
 111600   48  51
 111840   71  67
 111840   72   0
 111840   48   0
 111840   50  53
 112080   52  55
 112080   50   0
 112080   70  67
 112080   71   0
 112080   67  56
 112080   69   0
 112320   52   0
 112320   53  60
 112320   70   0
 112320   69  66
 112560   69   0
 112560   74  72
 112560   65  56
 112560   67   0
 112680   53   0
 112680   55  56
 112740   55   0
 112740   53  56
 112800   67  57
 112800   65   0
 112800   52  57
 112800   53   0
 113020   52   0
 113040   69  57
 113040   67   0
 113040   74   0
 113040   72  67
 113040   57  60
 113280   50  55
 113280   74  67
 113280   72   0
 113280   57   0
 113280   69   0
 113280   70  60
 113500   50   0
 113520   76  70
 113520   74   0
 113520   55  60
 113640   72  57
 113640   70   0
 113700   72   0
 113700   70  57
 113760   69  57
 113760   70   0
 113760   76   0
 113760   77  74
 113880   55   0
 113880   57  58
 113980   69   0
 114000   74  60
 114000   55  58
 114000   57   0
 114120   53  57
 114120   55   0
 114240   74   0
 114240   67  55
 114240   53   0
 114240   52  57
 114330   52   0
 114360   81  69
 114360   50  56
 114360   77   0
 114460   67   0
 114480   81   0
 114480   79  69
 114480   52  56
 114480   50   0
 114480   72  60
 114600   53  56
 114600   52   0
 114600   79   0
 114600   77  68
 114720   77   0
 114720   53   0
 114720   55  57
 114720   76  67
 114840   55   0
 114840   77  69
 114840   76   0
 114840   57  59
 114840   72   0
 114840   74  62
 114960   77   0
 114960   76  68
 114960   74   0
 114960   57   0
 114960   58  63
 114960   72  62
 115050   58   0
 115080   76   0
 115080   55  60
 115080   74  67
 115080   72   0
 115080   70  62
 115200   55   0
 115200   57  60
 115200   72  70
 115200   70   0
 115200   74   0
 115200   69  61
 115290   57   0
 115320   70  61
 115320   52  63
 115320   69   0
 115440   52   0
 115440   53  55
 115440   69  61
 115440   70   0
 115560   67  60
 115560   69   0
 115560   55  57
 115560   53   0
 115680   65  60
 115680   67   0
 115680   57  59
 115680   55   0
 115800   65   0
 115800   67  60
 115800   59  60
 115800   57   0
 115920   65  59
 115920   67   0
 115920   60  62
 115920   59   0
 116010   60   0
 116040   64  59
 116040   65   0
 116040   57  58
 116160   72   0
 116160   64   0
 116160   62  59
 116160   59  62
 116160   57   0
 116280   67  56
 116340   69  57
 116340   67   0
 116400   69   0
 116400   71  57
 116520   71   0
 116520   72  59
 116640   72   0
 116640   74  60
 116760   74   0
 116760   76  62
 116880   76   0
 116880   77  63
 117000   67  57
 117000   62   0
 117120   69  60
 117120   60  60
 117120   59   0
 117120   67   0
 117180   72  55
 117180   77   0
 117240   74  57
 117240   72   0
 117300   76  58
 117300   74   0
 117360   77  59
 117360   76   0
 117480   79  62
 117480   77   0
 117600   69   0
 117600   81  65
 117600   79   0
 117720   77  57
 117840   77   0
 117840   74  57
 117960   83  64
 117960   81   0
 118080   84  56
 118080   74   0
 118080   76  48
 118080   79  52
 118080   83   0
 119040   79   0
 119040   76   0
 119040   60   0
 119040   84   0